com.android.vending.BILLING : -0.3252425452184903
android.permission.SEND_SMS : 0.30785453481638936
android.permission.READ_PHONE_STATE : 0.5760226108182536
com.google.android.c2dm.permission.RECEIVE : -0.13195284114572392
android.permission.READ_EXTERNAL_STORAGE : -0.03183066932187362
com.google.android.c2dm.intent.RECEIVE : -0.596078936584291
db : -0.2014680835146228
